This folder: /usr/bin

  File: ./ERC for semantic contracts.txt
  Size: 112       	Blocks: 8          IO Block: 4096   regular file
Device: 8,39	Inode: 1595456     Links: 1
Access: (0777/-rwxrwxrwx)  Uid: ( 1000/daniella)   Gid: ( 1000/daniella)
Access: 2023-04-18 16:37:07.448417440 -0300
Modify: 2022-12-07 02:19:54.007420000 -0300
Change: 2023-04-18 16:37:17.692931279 -0300
 Birth: 2023-03-07 22:49:32.087908210 -0300
IPFS hash: QmXjbbzWvMY4ExvXTHU4RyQ8GSp6jLCMxf9jSNcvGEm1BR
------------------------------
  File: ./.folderstamp1
  Size: 980       	Blocks: 8          IO Block: 4096   regular file
Device: 8,39	Inode: 1626635     Links: 1
Access: (0664/-rw-rw-r--)  Uid: ( 1000/daniella)   Gid: ( 1000/daniella)
Access: 2023-04-18 16:37:07.508420475 -0300
Modify: 2023-04-18 16:37:07.512420678 -0300
Change: 2023-04-18 16:37:21.425116262 -0300
 Birth: 2023-04-18 16:37:07.376413797 -0300
IPFS hash: QmW7eK88yZH8ePctRtdUYqueWVK66uFwCQKZiGUQY77Pco
------------------------------
  File: ./.folderstamp
  Size: 981       	Blocks: 8          IO Block: 4096   regular file
Device: 8,39	Inode: 1626641     Links: 1
Access: (0664/-rw-rw-r--)  Uid: ( 1000/daniella)   Gid: ( 1000/daniella)
Access: 2023-04-18 16:37:24.605272964 -0300
Modify: 2023-04-18 16:37:24.733279256 -0300
Change: 2023-04-18 16:37:24.733279256 -0300
 Birth: 2023-04-18 16:37:24.605272964 -0300
IPFS hash: QmSAgwcCv1XRinfd4NjuHXMcgoofKTt2XnhHxTBX69evQz
------------------------------