This folder: /usr/bin

  File: ./ERC for semantic contracts.txt
  Size: 112       	Blocks: 8          IO Block: 4096   regular file
Device: 8,39	Inode: 1595456     Links: 1
Access: (0777/-rwxrwxrwx)  Uid: ( 1000/daniella)   Gid: ( 1000/daniella)
Access: 2023-04-15 14:55:53.083168815 -0300
Modify: 2022-12-07 02:19:54.007420000 -0300
Change: 2023-03-24 10:29:57.877520079 -0300
 Birth: 2023-03-07 22:49:32.087908210 -0300
IPFS hash: QmXjbbzWvMY4ExvXTHU4RyQ8GSp6jLCMxf9jSNcvGEm1BR
------------------------------
  File: ./.folderstamp
  Size: 510       	Blocks: 8          IO Block: 4096   regular file
Device: 8,39	Inode: 1626635     Links: 1
Access: (0664/-rw-rw-r--)  Uid: ( 1000/daniella)   Gid: ( 1000/daniella)
Access: 2023-04-18 16:37:07.376413797 -0300
Modify: 2023-04-18 16:37:07.456417845 -0300
Change: 2023-04-18 16:37:07.456417845 -0300
 Birth: 2023-04-18 16:37:07.376413797 -0300
IPFS hash: Qmev4qVMSaKHdKK8EgNRt285YLVrLqXp9qR66gnD83KL6e
------------------------------